#hg19_pos   paralog weight  chm1_pos
120610389	N	1	120725860
120575068	N	1	120690539
120593671	C	1	150777657
120586204	N	1	120701675
120608385	C	1	150762936
120580827	N	1	120696298
120592693	D	1	121401604
120604013	C	1	150767314
120604483	C	1	150766844
120605106	C	1	150766221
120558175	D	1	121436158
120567400	N	1	120682871
120608669	A	1	147593537
120585641	C	1	150786042
120585744	N	1	120701215
120561430	C	3	150810237
120606147	D	1	121388142
120568737	A	0.864047253158	147553654
120556229	B	1.45928810908	149992079
120583015	C	1	150788659
120563529	C	1	150808137
120584091	C	1	150787591
120604207	D	1	121390082
120609245	D	1	121385040
120596095	C	1	150775246
120594638	C	1	150776703
120609416	D	1	121384869
120557820	D	1	121436513
120563786	C	1	150807880
120562464	B	0.935213226011	149998315
120607183	C	1	150764136
120585824	N	1	120701295
120576677	C	1	150795007
120557945	A	0.832641303676	147542863
120568954	N	1	120684425
120572612	B	1	150008225
120560405	B	0.932004608219	149996256
120607847	N	1	120723318
120566665	N	1	120682136
120562559	C	1	150809108
120605562	N	1	120721033
120593257	C	1	150778071
120573869	C	1	150797804
120579760	N	1	120695231
120569401	B	0.774069193154	150005025
120572572	D	1	121421756
120608780	C	1	150762541
120557346	D	1	121436991
120604591	C	1	150766736
120594955	B	1	150030554
120561315	N	1	120676786
120572806	D	1	121421522
120604894	C	1	150766433
120566837	C	1	150804830
120571553	A	1	147556452
120607162	N	1	120722633
120592394	D	1	121401903
120557686	C	1	150813978
120566755	A	1	147551667
120594559	C	1	150776781
120574960	C	1	150796716
120563648	A	1	147548563
120580522	N	1	120695993
120561353	A	1	147546268
120558475	A	1.01629169751	147543393
120581967	D	1	121412371
120603823	D	1	121390466
120573732	C	1	150797939
120562021	A	0.973799658808	147546936
120568004	N	1	120683475
120580291	D	1	121414051
120569269	A	0.845499618798	147554182
120603347	D	1	121390942
120605878	N	1	120721349
120593009	B	1	150028628
120592960	C	1	150778368
120598489	D	1	121395801
120573052	C	1	150798618
120556037	A	0.831853321031	147540948
120563410	C	1	150808257
120605383	B	1	150041000
120585393	N	1	120700864
120609732	C	1	150761592
120607338	C	1	150763981
120608429	N	1	120723900
120589375	C	1	150781981
120568027	D	1	121426309
120552660	N	1	120668131
120583833	C	1	150787849
120596847	D	1	121397444
120556254	B	1	149992104
120561422	C	3	150810245
120596307	N	1	120711778
120573846	C	1	150797827
120586978	D	1	121407345
120598140	C	1	150773201
120592352	C	1	150778977
120608777	D	1	121385508
120608387	N	1	120723858
120561058	A	0.959014048173	147545973
120560703	D	1	121433634
120566552	A	0.984304285047	147551464
120579354	C	1	150792328
120556082	A	0.829369345339	147540993
120572547	D	1	121421781
120589506	C	1	150781850
120568610	N	1	120684081
120608415	D	1	121385870
120578008	N	1	120693479
120582986	D	1	121411356
120592393	D	1	121401904
120589775	C	1	150781581
120565361	D	1	121428976
120556109	D	1	121438204
120607553	D	1	121386730
120568498	A	0.807727035152	147553415
120581795	D	1	121412543
120568752	A	0.864109556378	147553669
120551953	C	1	150819706
120585251	N	1	120700722
120603291	C	1	150768036
120605471	N	1	120720942
120573560	C	1	150798110
120563530	A	1	147548445
120605877	N	1	120721348
120573048	C	1	150798622
120557894	B	0.918326322132	149993747
120556397	C	1	150815271
120585742	D	1	121408584
120580150	D	1	121414192
120597222	N	1	120712693
120605602	D	1	121388687
120581492	D	1	121412848
120566825	B	0.921559053682	150002444
120558897	C	1	150812769
120569137	C	1	150802526
120563839	A	1	147548754
120568609	N	1	120684080
120605595	D	1	121388694
120602305	C	1	150769034
120573174	D	1	121421154
120594223	C	1	150777117
120571076	C	1	150800590
120581285	N	1	120696756
120606636	C	1	150764683
120563562	A	0.894380032593	147548477
120589836	B	1	150025442
120571147	B	1	150006767
120579626	D	1	121414716
120569064	D	1	121425269
120607772	N	1	120723243
120606582	N	1	120722053
120557365	A	0.867078920303	147542277
120569206	B	1	150004830
120551939	D	1	121442359
120605576	D	1	121388713
120555746	C	1	150815922
120563725	A	0.87409497935	147548640
120592390	B	1	150028009
120606505	C	1	150764814
120575123	C	1	150796553
120572818	C	1	150798852
120557920	C	0.5	150813743
120555383	N	1	120670854
120575067	D	1	121419262
120565201	B	0.892926920484	150001052
120571103	D	1	121423226
120598503	D	1	121395787
120555892	N	1	120671363
120592950	B	1	150028569
120607656	C	1	150763665
120604989	C	1	150766338
120593542	B	1	150029161
120594200	B	1	150029801
120607300	D	1	121386981
120557839	C	1	150813824
120563514	A	0.891131514028	147548429
120561879	B	0.933298128522	149997730
120598449	D	1	121395841
120563317	A	0.786873749694	147548232
120583798	C	1	150787884
120593794	C	1	150777534
120579937	C	1	150791745
120606477	D	1	121387804
120585505	D	1	121408821
120552895	N	1	120668366
120561223	C	3	150810444
120568675	A	0.869908873404	147553592
120562515	C	1	150809152
120604456	C	1	150766871
120551940	N	1	120667411
120570813	B	0.86527953562	150006432
120608636	C	1	150762685
120571276	B	0.833079519617	150006891
120576619	D	1	121417720
120602489	C	1	150768850
120570949	A	0.887774149141	147555854
120607163	D	1	121387118
120578120	A	1	147563004
120579411	A	1	147564295
120580632	A	1	147565515
120582157	A	1	147567043
120583642	A	1	147568527
120583681	A	1	147568566
120583683	A	1	147568568
120583921	A	1	147568790
120583975	A	1	147568844
120588392	A	1	147573256
120591072	A	1	147575941
120591404	A	1	147576282
120591605	A	1	147576483
120593873	A	1	147578751
120594177	A	1	147579039
120575916	B	1	150011523
120578165	B	1	150013767
120578437	B	1	150014041
120581201	B	1	150016804
120582190	B	1	150017795
120587296	B	1	150022895
120589836	B	1	150025442
120592390	B	1	150028009
120592950	B	1	150028569
120593009	B	1	150028628
120593542	B	1	150029161
120593871	B	1	150029490
120594027	B	1	150029628
120594200	B	1	150029801
120594955	B	1	150030554
120612018       A       1       147596905
120612194       B       1       150047825
